21134957
21034784
21038155
5198935
5182094
5145191
5165143
5162952
5195244
5462183
5478463
5235235
5226779
5207192
5227665
2759625
2466099
3262984
2973696
3391012
3179271
3662436
2455176
2761756
3296541
2651343
3093219
3176615
2852970
3083543
2715344
3047332
3175385
3056859
3344370
2866152
2632906
2461056
2871804
3633636
2337139
3517400
2875249
2684573
2696666
2591577
3191612
2586442
2839784
2957649
3016517
2498330
2509831
2860486
2548430
2873154
2984103
2421644
3080034
2974174
2571849
2799862
2877263
2637990
2931314
2667623
2864565
2834037
2523151
2484537
2569870
2680995
2810636
2587285
2661139
2884610
3220585
2653524
2578076
3362155
2561998
2884145
2628548
2843626
2617230
2694385
2671159
2835074
2857768
2846060
2722177
2541269
2976782
2948364
2692083
2682734
2614271
3409273
2744961
2515806
2938304
2552123
2835028
2448362
2538675
2324025
2349681
2396481
3000825
2581943
2640010
2364561
2620510
5824058
2286482
4901542
5077841
2267727
2589156
5006458
2273342
2845734
4846906
2499692
5024733
2844226
2522176
2809413
2468506
2621853
2399380
5069431
4858139
2844110
5790760
2486949
2541996
4952592
2316307
2573606
2506194
2958979
4845366
2376266
2468735
2963164
2852505
5630316
2752282
2583676
2865402
2473226
2480034
2446940
2883018
2542525
2421649
2381931
2759960
2499046
2402147
2517941
2397966
2855819
2495941
5110649
2442734
2812095
2350063
2871905
2392960
2998350
2598102
2476939
2416381
2757667
5611229
2538052
5097133
4714888
2863139
2395684
2476180
2875085
2451017
5003287
2498953
5067628
2424516
5019787
2382355
2786434
4923729
2719645
2481493
4824308
2379046
2599308
2952106
2488733
2462431
2925006
2357074
2438312
2596873
2533136
2866687
2477555
2350315
2946426
2503863
2513179
2641479
2795012
2334444
2819990
2340630
2397780
2345581
2706884
2497233
4908156
2526022
2963179
2955991
4804043
2498344
2523918
2388213
4975763
4923017
2847813
2435603
24929279
2889268
2511799
5665921
2435940
2628786
5039192
5637551
4975826
2439351
2382882
2440397
2557701
2516625
2636681
2594845
2699958
2426471
2282644
2439371
2580020
2867629
2284095
2468309
2629982
2456791
2407173
2520386
2307825
2457619
5092222
2518853
2383693
5384911
2372747
2481300
2343809
4948706
5037830
5178669
5435978
5207987
5255562
4805339
5713100
5149997
5136490
4966312
4675612
4988045
5476360
4992039
4553460
5616646
5100487
5680864
2485346
2339333
5083695
5137995
4374160
5054402
2618215
5031322
5004500
5044926
2556613
5058198
5140053
5000950
2567458
2591383
2493035
5049466
5089986
4990573
4871978
5300927
5227683
5188341
2553214
4430670
2382737
2295788
2622275
4943326
5258939
4562123
5240256
5092534
5249927
5091559
4983285
5305497
5127548
5424036
5318174
4731169
5378448
5249520
5369407
5146590
5092090
4750772
4856948
4997700
5164485
4953844
5027687
2371764
5243273
2442631
2490656
2326936
2531056
2669091
2495595
2609831
2543040
2778659
2470771
2587390
2542742
2425900
2657578
5074002
2534209
5098069
5567758
2556802
2612241
2276625
4903514
2604660
5191616
5420608
5233947
4670815
5139021
5144811
2367636
5207112
2097394
5035013
5182588
5281401
4869267
4640935
2610702
5140278
5359941
2358453
4944762
5381042
5198153
5231456
5208574
5592574
4990348
5227067
4737779
4826683
5761493
5072061
4792730
5133107
4944596
4970986
4873412
4646574
2673700
2227100
5019093
4996331
4943815
166590346
2537590
5277540
2452109
5222008
5601974
5065993
5011835
5048992
5057048
2819846
5052708
2091516
2084931
5238289
5141956
5149012
5171076
5639226
2552768
5036524
2575020
5318434
5548413
5008136
2516436
4996143
5688511
2555129
5511815
4978942
2683668
5211012
5234891
5146495
5075654
2222220
2430363
2746400
2557808
2623692
2539253
2561282
2464245
2341523
2274163
2670907
2805235
2338292
2267809
2414705
2268268
2616756
2485483
5632394
4816692
2522400
5086930
2148976
2942642
2943830
5248625
5019932
4752057
2798121
4840080
4840019
5331424
5064388
5435258
2546972
5326686
5577761
5102276
5122467
5037275
4917225
5429080
5487332
2646321
5127786
5078649
5241868
5769231
5425004
5166582
4803089
4593290
5042807
5562191
4987110
2424892
5476820
4997977
4719484
2197873
5650154
5120014
5247430
4373761
4879251
5272384
5030007
2512779
4794875
4827227
2590942
2259264
4921594
5850038
5678947
5329985
4747906
5561245
5156610
4978509
2563714
2343096
5506278
4766550
5238659
4791501
4988112
4690296
4772764
5106794
5139648
5553050
5088909
2460677
4915548
5123147
5089912
5137045
4573671
