114161, 21178342, 538893, 21831396
112721, 21058361, 525528, 21696610
179357, 21061570, 525742, 21766669
264060, 5259493, 526546, 6050099
220635, 5498152, 532492, 6251279
248092, 5271021, 527391, 6046504
276143, 4152421, 541745, 4970309
265489, 3408462, 594285, 4268236
208881, 3905282, 535398, 4649561
138981, 5592996, 1030463, 6762440
170405, 5413263, 1385316, 6968984
321896, 6242005, 1517274, 8081175
443372, 11555992, 2751148, 14750512
554939, 13174313, 3001523, 16730775
514960, 31099717, 2917238, 34531915
847237, 38612232, 4591464, 44050933
1024121, 199417708, 4456131, 204897960
1011274, 40340853, 4322061, 45674188
