738, 4884, 3209, 8831
739, 4883, 3109, 8731
746, 4878, 3062, 8686
739, 4870, 3259, 8868
742, 4883, 3060, 8685
734, 4897, 3143, 8774
725, 4891, 3084, 8700
738, 4879, 3079, 8696
736, 4892, 3094, 8722
235, 4820, 961, 6016
730, 1844, 3154, 5728
749, 1819, 3276, 5844
246, 1580, 978, 2804
741, 1811, 3088, 5640
748, 1889, 3105, 5742
731, 1797, 3114, 5642
741, 1847, 3120, 5708
242, 1593, 960, 2795
731, 1850, 3069, 5650
251, 1598, 956, 2805
752, 2364, 3165, 6281
734, 3193, 3158, 7085
410, 15253, 1751, 17414
746, 2562, 3069, 6377
745, 2854, 3157, 6756
747, 2609, 3171, 6527
748, 2463, 3106, 6317
750, 13485, 3140, 17375
730, 2406, 3123, 6259
759, 2077, 3095, 5931
759, 5572, 3165, 9496
273, 4225, 976, 5474
754, 6445, 3158, 10357
254, 2942, 960, 4156
238, 1800, 979, 3017
240, 1988, 975, 3203
240, 2386, 1017, 3643
737, 6537, 3127, 10401
750, 5839, 3152, 9741
758, 4861, 3158, 8777
288, 8133, 969, 9390
266, 8366, 959, 9591
247, 6419, 944, 7610
277, 10278, 986, 11541
282, 7150, 992, 8424
270, 10021, 967, 11258
284, 6971, 1173, 8428
287, 9171, 959, 10417
275, 12773, 980, 14028
286, 6240, 972, 7498
317, 337806, 1029, 339152
278, 300402, 1013, 301693
330, 349668, 1217, 351215
321, 313767, 10308, 324396
314, 269454, 1234, 271002
303, 351262, 997, 352562
313, 329231, 1040, 330584
320, 303887, 978, 305185
321, 244786, 1184, 246291
308, 280360, 1008, 281676
211, 357, 571, 1139
195, 353, 656, 1204
192, 357, 571, 1120
185, 163, 568, 916
198, 355, 561, 1114
201, 357, 562, 1120
196, 359, 561, 1116
198, 354, 569, 1121
67, 326, 202, 595
198, 355, 574, 1127
76, 309, 200, 585
197, 502, 572, 1271
203, 465, 568, 1236
203, 514, 586, 1303
205, 490, 578, 1273
199, 466, 568, 1233
200, 471, 582, 1253
201, 512, 574, 1287
202, 469, 572, 1243
197, 476, 570, 1243
207, 759, 573, 1539
201, 1499, 584, 2284
127, 546, 332, 1005
210, 1596, 586, 2392
204, 684, 612, 1500
207, 1582, 592, 2381
200, 1412, 583, 2195
204, 709, 571, 1484
206, 1596, 586, 2388
203, 668, 574, 1445
211, 4961, 638, 5810
71, 1365, 214, 1650
211, 2862, 610, 3683
213, 1736, 581, 2530
73, 1135, 209, 1417
212, 3912, 600, 4724
208, 2542, 665, 3415
74, 717, 211, 1002
214, 3613, 587, 4414
71, 1062, 214, 1347
132, 2899, 429, 3460
107, 4282, 210, 4599
126, 2783, 223, 3132
111, 3653, 213, 3977
114, 3661, 222, 3997
109, 4299, 229, 4637
104, 4871, 214, 5189
108, 3739, 211, 4058
108, 3774, 213, 4095
113, 3620, 221, 3954
134, 24799, 233, 25166
141, 30336, 231, 30708
127, 32737, 235, 33099
142, 17516, 235, 17893
146, 18053, 232, 18431
131, 26993, 237, 27361
144, 16505, 231, 16880
137, 14287, 225, 14649
124, 32240, 271, 32635
140, 14831, 222, 15193
201, 362, 561, 1124
196, 359, 574, 1129
197, 427, 600, 1224
200, 363, 567, 1130
190, 353, 579, 1122
198, 355, 580, 1133
199, 355, 568, 1122
199, 353, 573, 1125
200, 357, 571, 1128
200, 353, 572, 1125
198, 463, 578, 1239
204, 504, 570, 1278
72, 298, 201, 571
202, 504, 566, 1272
201, 470, 568, 1239
203, 476, 598, 1277
208, 509, 596, 1313
202, 507, 615, 1324
205, 507, 583, 1295
204, 504, 571, 1279
204, 682, 571, 1457
206, 664, 577, 1447
205, 1546, 579, 2330
204, 1091, 583, 1878
204, 828, 575, 1607
212, 16477, 593, 17282
203, 775, 584, 1562
207, 883, 578, 1668
214, 709, 574, 1497
221, 1541, 577, 2339
80, 1338, 220, 1638
79, 1233, 216, 1528
209, 5335, 619, 6163
72, 871, 212, 1155
206, 3584, 596, 4386
208, 4583, 597, 5388
77, 975, 206, 1258
78, 890, 211, 1179
212, 3149, 605, 3966
210, 1282, 594, 2086
128, 2667, 215, 3010
107, 2565, 249, 2921
110, 84346, 221, 84677
121, 4104, 254, 4479
107, 4370, 215, 4692
110, 3884, 216, 4210
111, 3043, 215, 3369
117, 41339, 235, 41691
104, 2849, 213, 3166
109, 2604, 222, 2935
120, 14617, 245, 14982
137, 20175, 221, 20533
138, 11944, 233, 12315
131, 24889, 226, 25246
138, 24803, 245, 25186
135, 19734, 233, 20102
98, 13075, 230, 13403
131, 25039, 254, 25424
135, 22238, 240, 22613
122, 31173, 246, 31541
2662, 230913, 12100, 245675
901, 117397, 22317, 140615
2624, 215239, 12058, 229921
2619, 291728, 12518, 306865
2654, 250619, 12261, 265534
2631, 291737, 12054, 306422
2638, 255536, 12422, 270596
1510, 196450, 12359, 210319
917, 155874, 16466, 173257
2636, 292206, 27056, 321898
2644, 76765, 40532, 119941
2648, 76952, 42332, 121932
2634, 76953, 39391, 118978
2628, 76963, 40614, 120205
2660, 76985, 40306, 119951
2663, 76943, 40150, 119756
926, 76001, 21733, 98660
2662, 76931, 40422, 120015
2651, 76918, 39714, 119283
2651, 76924, 40342, 119917
2654, 102325, 38728, 143707
2643, 74364, 40461, 117468
1512, 74582, 22681, 98775
2652, 77576, 47664, 127892
2648, 43727, 12202, 58577
2661, 71620, 40219, 114500
2675, 77561, 53356, 133592
2639, 77151, 53775, 133565
2654, 102393, 40678, 145725
2651, 73747, 39648, 116046
2643, 58692, 12332, 73667
2637, 68867, 12032, 83536
897, 37348, 12695, 50940
2621, 92622, 13032, 108275
899, 31798, 12051, 44748
2647, 87284, 44542, 134473
2647, 86318, 17347, 106312
2641, 111956, 39929, 154526
2620, 74827, 41140, 118587
2634, 98814, 14923, 116371
935, 89241, 12211, 102387
986, 73389, 12415, 86790
979, 246789, 12256, 260024
986, 118878, 12298, 132162
982, 58236, 12881, 72099
860, 77427, 12355, 90642
992, 102276, 12511, 115779
939, 87001, 12675, 100615
959, 64913, 11884, 77756
980, 57613, 12259, 70852
1134, 553910, 12314, 567358
1199, 1148181, 12537, 1161917
880, 1122608, 11731, 1135219
1215, 1199575, 12451, 1213241
1047, 530332, 12455, 543834
1118, 626937, 16051, 644106
1230, 506298, 13658, 521186
1222, 1416192, 12099, 1429513
1145, 404868, 12727, 418740
1108, 853282, 12266, 866656
2689, 243924, 12556, 259169
2606, 236839, 11897, 251342
2635, 121469, 41703, 165807
2632, 232248, 12368, 247248
2618, 291776, 12159, 306553
2632, 268191, 12320, 283143
911, 291748, 12196, 304855
2636, 293795, 12414, 308845
2635, 139179, 41346, 183160
2631, 241007, 12362, 256000
2648, 85686, 39897, 128231
2659, 76832, 39429, 118920
2621, 76942, 40733, 120296
2682, 76963, 40449, 120094
2644, 76983, 39536, 119163
2634, 76810, 40589, 120033
2681, 76845, 41335, 120861
2655, 78108, 41532, 122295
2639, 76953, 40404, 119996
2679, 76936, 41095, 120710
2650, 74551, 40345, 117546
2636, 150024, 11781, 164441
2653, 73051, 41070, 116774
2636, 71197, 40279, 114112
2648, 73115, 41937, 117700
2650, 67651, 12466, 82767
2641, 81125, 12236, 96002
2612, 73127, 12427, 88166
2672, 78771, 40604, 122047
2622, 73344, 41105, 117071
935, 66658, 12248, 79841
2634, 115656, 26129, 144419
2622, 95108, 12184, 109914
923, 78563, 12067, 91553
932, 69861, 12042, 82835
902, 32756, 12220, 45878
912, 28371, 12762, 42045
2640, 100076, 12597, 115313
2629, 108288, 17684, 128601
2647, 64825, 11994, 79466
952, 103233, 11873, 116058
976, 96553, 12405, 109934
936, 94457, 11787, 107180
987, 94802, 12891, 108680
940, 101414, 12292, 114646
961, 80763, 11854, 93578
930, 93249, 11976, 106155
973, 91783, 12528, 105284
956, 266262, 12602, 279820
1011, 153992, 12056, 167059
1211, 1626472, 12257, 1639940
953, 1191958, 11940, 1204851
1108, 963987, 12306, 977401
1214, 1177085, 12397, 1190696
1036, 993512, 12326, 1006874
1032, 1176441, 12027, 1189500
1209, 1620135, 12332, 1633676
1134, 1227752, 12344, 1241230
1102, 1291187, 12527, 1304816
1127, 360487, 13034, 374648
14339, 1416706, 76897, 1507942
14427, 1318564, 204694, 1537685
14199, 1440756, 74177, 1529132
14097, 1470562, 77545, 1562204
13943, 1338200, 77133, 1429276
14301, 1433583, 76143, 1524027
13909, 1455528, 74600, 1544037
14507, 1467754, 75073, 1557334
5069, 1343988, 78117, 1427174
14369, 1439569, 76874, 1530812
14384, 499744, 76902, 591030
14477, 578155, 74414, 667046
8163, 501509, 74120, 583792
14518, 566187, 77064, 657769
14014, 568212, 77184, 659410
8039, 570634, 77343, 656016
5383, 498461, 78699, 582543
14040, 476801, 77688, 568529
14224, 595221, 77095, 686540
4885, 474531, 75772, 555188
14241, 435187, 81649, 531077
8249, 437015, 79897, 525161
14261, 475224, 77064, 566549
14309, 581166, 92871, 688346
14489, 592990, 77489, 684968
14475, 491015, 77721, 583211
14388, 492666, 121502, 628556
14214, 705754, 123762, 843730
14423, 426975, 77482, 518880
15205, 512937, 79163, 607305
5050, 816029, 102283, 923362
5196, 1066164, 116605, 1187965
5184, 1791589, 118363, 1915136
4871, 1712661, 119890, 1837422
14499, 2276773, 210207, 2501479
14175, 1271392, 123931, 1409498
5168, 1251508, 196371, 1453047
14790, 1902696, 212433, 2129919
4900, 1046591, 199266, 1250757
14267, 819989, 97705, 931961
5282, 1073265, 415827, 1494374
5148, 985043, 419606, 1409797
5171, 789207, 367395, 1161773
5278, 1235995, 401681, 1642954
4881, 835716, 382283, 1222880
4790, 910981, 412073, 1327844
4808, 1185884, 429783, 1620475
5203, 824358, 512486, 1342047
5194, 714174, 433180, 1152548
4667, 791085, 379899, 1175651
5245, 1238302, 699441, 1942988
6679, 1159791, 871483, 2037953
5294, 1220491, 825940, 2051725
25648, 1341823, 767872, 2135343
5258, 1175252, 770216, 1950726
5589, 1146589, 823221, 1975399
5502, 1159619, 787628, 1952749
5421, 1305352, 693303, 2004076
5229, 1083094, 820079, 1908402
4944, 1119304, 802689, 1926937
