230
230
227
228
230
229
229
228
230
230
59
59
60
65
59
59
66
59
59
60
59
65
59
18
59
65
18
59
65
60
59
59
59
65
18
59
59
72
59
59
64
58
59
18
66
64
59
59
65
59
24
24
25
14
25
25
30
31
53
25
25
25
25
25
29
25
51
30
24
14
24
25
24
31
31
54
25
25
25
25
25
25
24
29
53
31
24
25
25
25
29
30
53
25
25
25
24
25
24
25
30
31
25
53
25
24
25
25
24
30
18
26
54
25
25
26
31
13
29
52
25
25
24
14
26
25
39
25
24
18
54
25
26
25
26
13
24
18
30
54
13
14
13
4
14
13
5
13
18
20
4
30
13
6
19
4
19
18
18
14
13
13
13
14
15
12
21
12
14
21
19
13
19
22
19
53
18
30
5
4
5
4
4
4
13
3
6
4
7
9
8
4
6
7
32
4
8
12
14
13
13
4
13
14
13
4
4
21
18
19
30
23
19
18
21
12
13
13
13
14
13
13
13
13
13
14
14
19
20
18
18
20
20
30
18
13
5
4
3
5
13
4
6
4
7
21
19
14
6
13
10
14
7
19
4
4
4
4
4
7
6
4
4
4
4
4
6
4
6
9
7
9
6
12
13
14
13
13
13
14
13
13
18
13
19
19
20
19
19
14
18
30
14
7
13
13
13
14
14
12
12
13
11
14
13
18
19
18
33
20
17
4
4
4
4
4
4
7
14
18
19
6
19
5
13
30
7
12
13
26
3
4
3
2
3
4
3
3
2
3
4
2
3
3
3
3
3
3
3
3
3
3
2
4
3
3
3
3
3
5
71
3
4
5
72
72
72
4
72
72
72
71
71
71
72
70
68
76
74
4
3
4
4
4
3
3
4
4
3
3
4
3
4
4
2
3
3
3
4
3
3
3
74
3
2
72
3
3
71
3
2
72
71
71
3
68
2
4
3
72
75
71
3
3
4
7
71
73
3
3
4
3
2
3
3
5
4
3
3
3
4
4
9
4
3
2
2
3
4
3
3
3
4
5
5
3
3
3
3
3
3
4
4
72
71
73
71
3
70
72
2
68
72
72
72
3
73
3
2
3
3
3
4
2
2
2
2
3
2
3
3
3
4
4
5
4
4
3
3
2
3
3
3
71
5
3
3
71
3
3
3
71
3
3
3
71
77
71
74
72
3
71
69
73
72
73
2
4
2
3
7
3
4
3
2
3
4
2
3
2
3
2
3
5
3
3
4
2
5
3
3
4
4
3
5
3
3
2
3
4
73
73
71
72
73
72
71
72
71
72
67
71
72
72
73
3
5
4
4
3
4
5
3
4
4
2
2
3
3
4
3
3
6
3
3
7
2
3
4
3
2
3
3
3
3
3
5
3
4
3
3
3
71
4
72
3
2
72
3
69
72
72
71
72
3
3
3
4
5
4
3
3
3
3
4
3
7
4
3
4
2
2
3
4
3
3
3
3
4
4
2
2
3
3
3
3
2
3
73
2
7
3
2
2
71
3
71
72
71
72
72
68
70
2
2
3
4
4
3
4
2
3
3
3
3
4
4
4
2
3
3
4
3
3
2
2
3
3
3
4
2
3
3
4
3
72
71
72
72
72
72
71
71
73
70
71
72
71
78
68
3
71
3
4
3
2
3
3
3
3
3
4
3
4
6
3
3
4
3
4
5
2
3
3
3
3
2
2
3
3
7
5
3
3
71
73
71
75
3
72
5
71
4
73
71
74
3
71
67
72
71
3
3
3
4
4
4
4
2
4
3
4
4
2
3
3
3
4
3
3
3
4
2
3
3
4
71
3
72
3
4
71
70
3
4
2
3
71
71
72
5
8
70
71
3
3
72
71
72
69
3
5
6
4
3
3
4
3
4
3
3
3
3
2
3
3
3
3
3
2
2
4
4
3
4
4
3
3
4
4
4
3
5
72
71
72
71
72
70
71
70
72
72
71
3
71
75
72
3
71
70
71
71
71
73
71
73
71
71
73
72
71
71
72
71
71
73
72
72
71
72
72
71
72
71
73
72
79
72
76
73
71
71
71
72
72
72
75
71
71
73
71
72
72
71
72
71
69
71
4
4
3
3
4
4
3
3
2
3
3
3
4
4
6
4
3
3
4
3
3
2
3
3
4
3
3
3
74
4
71
71
72
72
72
71
72
71
71
72
6
72
3
73
4
72
71
71
72
73
72
71
72
71
72
70
69
73
73
71
71
71
72
71
71
72
71
72
71
71
72
72
72
73
72
72
72
72
72
72
73
71
72
72
72
71
69
71
71
72
71
72
71
72
72
72
72
71
73
4
3
3
3
2
2
4
3
4
2
4
3
2
5
3
2
3
3
3
3
3
3
3
4
2
6
72
72
72
72
72
3
3
71
72
4
3
71
74
5
4
72
71
72
72
72
73
72
72
73
70
72
72
71
72
70
72
72
72
71
76
71
73
72
73
70
72
72
72
72
71
71
72
72
73
71
71
71
73
71
72
72
72
72
71
72
72
72
71
72
73
71
71
70
71
72
68
71
72
3
4
3
3
5
5
3
6
2
4
2
3
4
3
3
2
2
4
3
3
3
4
73
3
2
72
2
71
72
72
72
71
72
72
71
3
4
3
73
71
72
71
72
72
72
3
4
73
73
76
3
3
72
73
70
72
71
72
71
72
78
72
74
74
75
72
72
73
72
71
72
72
77
71
123
72
72
72
71
72
72
143
72
71
72
72
71
72
72
73
72
74
72
72
450
71
68
73
72
3
3
5
4
3
3
3
4
4
3
4
2
3
3
3
5
5
3
3
4
3
5
3
3
4
3
3
4
4
3
2
76
73
5
72
71
72
72
70
71
72
71
72
73
72
76
72
72
72
71
71
71
71
72
73
72
72
71
72
72
73
71
72
71
71
72
72
71
74
73
74
72
71
73
70
73
73
72
71
72
72
73
72
94
72
71
136
73
71
68
74
72
72
72
72
72
72
72
71
3
4
3
3
4
3
3
3
3
3
3
3
5
4
3
3
3
3
3
3
3
3
4
3
3
2
4
3
3
3
3
71
71
3
4
3
3
72
72
72
72
71
72
71
72
72
71
72
71
72
74
72
71
71
72
71
71
71
72
72
74
72
72
72
72
73
72
71
71
71
104
76
71
71
73
71
71
71
72
72
71
71
70
71
71
72
72
72
71
68
73
71
73
71
71
71
73
75
72
3
2
3
3
2
4
2
4
3
4
4
3
4
4
3
3
3
5
3
3
3
3
3
3
4
3
3
6
4
5
3
3
3
72
74
71
72
76
72
71
72
72
72
4
71
72
73
72
72
71
72
71
70
72
73
72
72
71
71
72
74
73
72
71
72
73
72
71
71
72
72
71
71
72
72
72
72
71
72
72
71
72
72
72
71
74
71
73
72
72
73
73
71
70
67
71
76
70
73
3
3
3
3
4
2
4
3
3
3
3
2
4
4
3
3
3
3
3
4
3
2
3
3
2
4
3
7
8
3
73
71
3
3
70
72
71
72
71
72
72
72
74
73
72
72
72
72
73
72
73
72
71
72
76
72
72
72
72
72
72
73
72
71
72
73
74
70
71
72
75
72
72
72
71
72
70
71
72
73
72
72
72
71
73
71
72
68
71
72
71
71
72
72
71
72
72
71
72
4
2
4
3
4
3
3
2
2
3
3
3
3
3
3
3
4
2
3
4
4
2
2
3
3
3
72
71
72
3
2
78
72
72
3
72
71
72
71
71
71
72
72
80
72
2
71
4
3
3
71
72
73
75
72
73
70
71
72
72
72
71
74
71
72
71
73
72
72
73
72
72
72
72
72
73
71
71
72
72
72
72
71
72
72
70
73
81
72
71
71
71
72
72
72
72
71
68
72
2
3
3
7
4
3
3
3
3
3
3
3
2
3
3
3
3
3
3
3
3
3
76
3
74
3
72
71
72
3
73
72
72
71
70
73
72
71
73
3
71
72
3
71
72
72
3
72
70
70
72
2
74
72
71
2
72
3
2
72
72
78
71
71
71
72
73
72
72
72
71
71
73
71
70
75
73
71
73
73
77
73
72
72
72
72
72
73
73
72
73
71
71
68
71
72
72
73
72
