186, 351, 573, 1110
202, 352, 575, 1129
191, 355, 582, 1128
191, 352, 585, 1128
200, 354, 582, 1136
197, 352, 571, 1120
197, 356, 562, 1115
199, 357, 564, 1120
204, 354, 561, 1119
199, 354, 564, 1117
201, 589, 573, 1363
202, 512, 562, 1276
199, 505, 572, 1276
205, 471, 570, 1246
203, 484, 569, 1256
204, 518, 578, 1300
202, 481, 569, 1252
205, 495, 570, 1270
200, 480, 571, 1251
199, 502, 588, 1289
201, 1309, 590, 2100
205, 1577, 600, 2382
202, 1262, 592, 2056
205, 661, 588, 1454
205, 646, 589, 1440
118, 554, 329, 1001
204, 672, 593, 1469
206, 1560, 582, 2348
203, 674, 955, 1832
204, 19993, 581, 20778
211, 1231, 585, 2027
524, 2454, 1492, 4470
83, 1626, 209, 1918
209, 3388, 592, 4189
207, 2138, 592, 2937
72, 1338, 397, 1807
73, 668, 218, 959
211, 2072, 586, 2869
210, 6379, 588, 7177
78, 1138, 207, 1423
103, 3880, 215, 4198
111, 3984, 213, 4308
118, 2609, 224, 2951
108, 4089, 215, 4412
108, 3437, 217, 3762
103, 3486, 218, 3807
114, 26483, 220, 26817
111, 97596, 211, 97918
108, 3346, 208, 3662
106, 3629, 224, 3959
122, 18603, 228, 18953
119, 32994, 228, 33341
147, 20107, 233, 20487
123, 31142, 240, 31505
122, 34185, 252, 34559
144, 12103, 231, 12478
122, 91797, 245, 92164
125, 34172, 247, 34544
111, 24562, 232, 24905
123, 36409, 243, 36775
