4513
4523
4510
4513
4522
4525
4527
4509
4526
4527
1098
1094
1273
1098
1092
1099
385
1106
1092
1097
1095
1271
1093
1098
328
1274
1267
1118
1097
1111
1092
1102
328
1270
1096
1095
1099
1271
1093
1104
1275
1097
1095
1099
1280
1098
1091
1096
1276
1098
248
462
466
476
252
910
476
467
461
457
475
468
465
481
910
475
472
462
457
461
469
463
469
478
461
908
464
457
469
468
464
462
465
462
462
911
456
469
463
467
462
467
467
465
921
457
463
464
467
477
462
466
464
909
462
463
467
460
466
465
910
461
461
456
462
464
464
467
467
470
913
467
457
468
462
468
468
459
464
463
912
461
457
476
463
468
468
464
462
911
188
105
194
202
191
192
59
193
191
191
104
194
105
1268
192
192
197
198
195
56
193
191
197
58
60
60
60
58
62
62
59
60
60
199
59
1271
192
60
188
204
193
192
196
193
194
191
191
191
196
191
203
192
196
191
1282
201
194
65
61
59
193
59
60
60
63
61
59
60
60
60
61
59
191
378
191
59
57
60
59
60
61
60
60
58
67
61
379
59
59
61
60
60
62
59
59
59
57
195
59
60
61
60
60
59
192
59
64
64
59
59
66
58
379
60
57
59
64
59
59
62
59
59
60
59
62
60
60
59
59
65
377
61
59
192
193
193
198
200
192
192
188
192
192
197
193
193
195
195
1277
191
193
196
191
106
197
203
193
192
200
192
103
193
192
108
199
188
1271
193
193
200
192
188
193
193
192
192
199
193
191
198
191
1272
191
193
194
205
193
194
192
194
30
31
32
34
35
34
32
31
33
32
32
33
32
36
33
33
32
33
34
35
34
33
33
32
32
38
35
37
36
58
59
62
35
60
61
32
32
61
58
61
433
57
59
61
35
59
62
33
62
30
34
34
31
35
33
35
33
32
36
35
33
32
33
33
33
32
32
34
33
34
33
35
34
35
32
59
34
35
59
30
62
60
33
61
35
60
61
59
33
32
60
59
34
61
39
58
58
60
31
30
33
34
37
33
33
32
33
33
34
32
35
33
34
33
32
33
33
33
34
33
32
33
34
33
34
35
34
34
33
39
34
34
33
32
59
62
61
61
34
59
61
60
60
61
59
59
57
30
29
32
32
32
32
32
32
34
32
30
33
33
33
32
34
33
32
34
34
33
34
33
33
33
34
35
32
34
62
34
60
36
33
63
59
32
62
35
35
32
33
60
59
34
358
57
61
65
31
34
32
33
31
33
32
35
34
33
32
35
33
32
35
33
33
32
34
31
32
38
32
36
34
36
35
33
35
35
37
36
36
33
34
34
34
34
35
60
60
33
56
60
33
34
33
34
61
30
34
33
33
32
34
35
33
34
32
30
33
32
33
33
32
31
31
36
33
34
33
35
34
36
35
32
32
35
36
36
37
33
34
34
35
35
34
34
61
60
61
60
62
61
301
59
61
58
30
34
33
32
32
33
33
37
34
34
33
32
30
33
34
36
34
32
32
33
33
34
36
33
33
35
33
32
33
35
34
37
33
34
33
33
36
35
328
61
61
60
59
61
61
62
62
57
59
33
31
33
32
33
33
33
32
31
32
34
32
31
32
33
32
34
32
33
32
33
33
33
33
33
34
32
36
33
33
37
36
35
62
408
58
61
35
61
60
67
60
58
61
61
59
36
57
59
32
33
32
33
30
33
30
33
32
37
35
32
32
34
33
32
32
36
37
33
33
37
33
32
33
33
34
34
62
60
62
37
57
33
36
36
34
63
33
63
61
33
62
35
32
36
60
32
61
31
34
33
33
30
34
42
33
38
35
33
33
34
37
33
33
33
32
35
32
33
33
35
33
33
35
35
33
32
38
33
34
34
354
35
60
60
34
34
59
59
34
60
59
59
58
61
61
59
3
4
3
3
3
3
3
2
5
3
3
3
3
3
3
3
4
4
2
4
3
3
3
4
4
4
1359
3
1356
3
1361
4
1359
1360
1359
4
1358
1358
1357
4
1358
1356
1358
1367
1358
1354
1361
1355
1367
1364
1365
1363
1358
1364
1357
1361
1363
1363
1361
1360
1361
1357
1356
4
2
1357
1364
1363
1369
1368
1362
1361
1356
1362
1358
1358
1360
1357
1371
1359
1373
1374
1389
1377
1374
1367
1363
1368
1380
1380
1363
1380
1367
1368
1369
1368
1381
1362
1385
3
3
4
3
3
3
2
3
4
4
3
3
3
3
3
3
3
4
3
2
4
4
3
5
3
3
3
1359
3
1361
1361
5
3
1360
1362
1358
1358
1355
1364
1359
3
3
3
1364
1358
1363
1357
1362
1364
2
1355
4
1366
1358
3
1367
1362
1360
1359
1361
1356
1367
1363
1357
1365
1359
1358
1361
1388
1359
1364
1364
1371
1364
1370
1361
1364
1377
1360
1362
1360
1364
1365
1363
1378
1367
1377
1394
1379
1379
1359
1369
1383
1386
1387
1392
1383
1383
1347
3
2
3
5
3
4
3
3
2
3
3
3
3
3
3
3
3
3
3
3
3
3
3
2
3
3
3
1360
3
1356
1355
1360
1356
1357
3
3
1360
3
1358
3
1362
1363
1362
1362
1356
1362
1360
1358
1367
1364
1362
1362
1359
1360
1359
1359
1359
1365
1367
1358
1364
1363
3
1367
1364
1361
1368
1359
1359
1370
1370
1359
1364
1363
1374
1368
1377
1360
1373
1361
1364
1364
1380
1379
1369
1381
1367
1380
1373
1367
1390
1382
1371
1387
1346
1382
1378
1380
1374
3
3
3
3
3
4
3
3
3
3
3
3
2
3
3
3
2
3
2
3
4
3
3
3
3
3
3
1361
1357
1360
1359
3
1357
2
1364
1361
1357
1362
3
3
1356
1357
3
1356
1356
1359
1360
3
3
1359
1362
1367
1357
1359
1357
1362
1358
1368
1365
1360
1365
1358
1356
1364
1358
1361
1361
1366
1373
1366
1371
1371
1360
1373
1378
1360
1384
1366
1384
1362
1376
1371
1354
1379
1368
1389
1376
1372
1362
1371
1363
1368
1386
1381
1382
1368
1364
1369
1363
3
4
3
3
3
2
3
3
4
3
3
4
3
2
3
3
3
3
3
3
3
3
3
3
3
3
3
3
3
3
1362
1358
1362
1358
1362
1377
1359
1360
3
1360
1360
1364
1365
1359
1359
1356
1365
1359
1358
1362
1364
1363
1362
3
1360
1364
1364
1361
1361
1367
1370
1362
1367
1367
1361
1363
1360
1364
1371
1363
1364
1364
1367
1363
1361
1375
1370
1365
1365
1372
1366
1370
1364
1373
1373
1374
1377
1374
1365
1373
1375
1367
1364
1361
1368
1385
1368
1373
1375
4
3
3
3
2
3
3
3
3
3
2
3
3
3
3
3
4
3
4
3
4
3
3
3
3
3
2
2
1360
1365
3
2
1359
3
1357
5
1359
1356
1362
3
1359
3
1361
1357
1360
1356
1358
3
1359
1356
1361
1356
1360
1359
1358
1359
1359
1359
1359
1361
1357
1364
1362
1358
1362
1364
1362
1363
1364
1363
1372
1379
1367
1381
1362
1364
1377
1365
1365
1370
1364
1373
1367
1374
1371
1368
1369
1375
1375
1368
1369
1370
1379
1376
1374
1372
1376
1374
1347
3
3
4
3
3
4
3
3
4
3
3
3
3
3
3
3
2
4
3
4
3
3
3
3
2
2
3
3
3
6
3
1357
1361
1359
1362
1362
1379
1357
1355
1357
1355
1355
1357
3
1359
1358
1364
3
1362
1361
1362
1357
1365
1361
1358
1359
1363
1359
1363
1361
1366
1366
1364
1363
1359
1362
1362
1369
1368
1380
1364
1359
1366
1381
1363
1362
1368
1370
1366
1390
1365
1366
1368
1366
1372
1372
1370
1369
1369
1380
1373
1376
1367
1375
1371
1354
1369
1373
1368
4
3
2
4
2
4
6
3
3
3
2
3
4
3
4
3
3
2
3
4
3
3
3
6
3
3
3
4
3
1382
2
1354
1357
3
1357
1358
1365
1355
1361
1356
3
1361
1356
1362
1363
1363
1364
1365
1363
1357
1360
1361
1361
1359
1358
1362
1356
1363
1356
1359
1362
1360
1362
1389
1361
1362
1361
1374
1362
1365
1364
1366
1365
1360
1362
1367
1362
1368
1370
1379
1369
1368
1370
1368
1367
1373
1372
1370
1372
1377
1372
1369
1372
1377
1377
1386
1365
1371
1381
2
3
3
4
2
3
3
3
4
2
3
3
3
3
3
4
3
3
3
2
3
5
3
4
3
3
2
1361
1360
1358
3
1360
1356
1358
3
2
1360
1363
1357
1356
1356
3
1361
1361
1365
1361
1358
1358
4
1364
1359
1356
1376
1357
1359
1357
1362
1355
1367
1357
1357
1357
1362
1360
1361
1363
1362
1363
1367
1369
1362
1365
1361
1360
1360
1361
1362
1357
1372
1367
1356
1367
1380
1357
1355
1360
1368
1371
1364
1375
1359
1367
1375
1358
1364
1350
1374
1364
1370
2
3
3
3
3
2
3
3
2
4
6
3
2
3
3
3
3
3
3
3
3
2
2
3
3
2
3
3
4
3
1357
1361
1360
1362
1363
1365
1358
1358
1357
1357
1357
1358
1361
1358
1361
1356
1364
3
1356
2
1363
3
1357
1359
1365
1361
1363
1361
1365
1361
1369
1368
1370
1361
1368
1368
1364
1364
1361
1368
1361
1372
1371
1363
1365
1366
1372
1363
1367
1361
1375
1369
1374
1362
1375
1374
1364
1366
1406
1376
1373
1374
1382
1379
1375
1366
1380
1376
1381
228
228
230
69
228
229
230
230
230
229
59
59
65
58
58
64
59
70
59
60
17
66
59
60
60
65
59
20
59
59
60
59
65
18
59
18
58
65
59
60
59
64
18
18
60
65
59
60
18
65
25
25
25
24
26
31
60
26
30
25
25
14
25
24
30
25
30
54
25
25
24
25
25
25
30
52
35
25
25
25
25
26
32
30
54
25
25
39
26
25
13
31
25
30
53
25
14
26
25
24
25
52
31
43
24
14
26
26
26
30
31
53
25
25
25
13
26
25
29
31
26
31
25
25
24
26
26
24
30
53
31
24
25
25
25
25
25
34
53
30
13
14
13
13
13
12
13
13
13
14
20
14
19
20
19
30
19
18
17
5
4
4
5
4
4
4
3
3
7
10
7
6
7
7
9
6
4
5
13
13
13
14
14
14
13
13
13
12
18
19
20
19
20
18
30
14
19
13
13
13
13
13
14
13
14
13
12
18
19
19
13
27
20
18
29
18
13
4
13
13
13
13
4
13
19
18
19
21
19
7
30
20
20
13
12
14
13
13
13
14
13
6
13
19
14
9
18
14
19
22
19
18
13
14
13
13
14
13
13
14
13
14
18
19
20
13
13
22
13
18
19
19
31
4
4
5
5
5
4
5
4
7
8
7
4
7
10
7
6
4
7
4
14
13
13
13
13
13
18
7
13
13
10
13
18
13
11
30
22
28
27
13
12
12
4
7
13
13
13
14
8
20
13
10
14
18
19
12
25
30
3
3
4
3
3
3
4
3
4
3
3
3
4
2
3
2
2
5
3
3
3
3
3
8
3
2
3
3
3
2
3
71
73
2
3
3
71
73
3
71
4
71
71
71
68
71
71
71
5
3
3
4
3
4
3
3
2
4
3
3
2
3
3
2
3
3
3
2
3
7
3
3
2
2
4
8
3
4
3
3
5
73
3
72
71
70
72
72
69
71
71
71
72
73
72
73
70
71
3
4
8
3
2
2
4
2
3
3
4
3
4
3
3
3
4
4
4
5
3
2
5
3
3
4
5
4
3
2
3
3
3
3
71
71
4
72
71
72
72
3
5
77
72
72
72
69
73
3
3
3
4
2
5
3
3
2
5
3
3
5
5
3
73
4
4
2
3
74
2
72
73
3
4
3
71
2
8
6
3
71
73
3
2
2
72
72
4
4
3
3
3
3
71
2
74
68
2
4
4
4
3
2
3
3
3
4
3
3
3
4
3
3
4
4
3
4
3
2
3
2
4
4
3
3
3
4
3
3
5
72
71
73
3
71
71
71
72
68
3
74
5
71
72
72
70
3
4
4
2
3
3
3
3
3
3
5
3
3
4
3
2
3
3
3
2
4
3
4
72
71
71
73
3
72
3
72
72
70
5
3
70
3
69
3
72
3
3
2
72
73
71
3
71
75
5
4
3
3
3
2
3
4
3
3
3
4
3
3
2
4
3
2
2
3
3
3
72
73
3
3
4
3
71
72
72
8
72
3
72
3
72
72
73
2
3
70
70
71
4
72
68
71
72
3
3
4
3
3
3
2
3
4
4
3
4
2
2
3
3
6
8
4
3
3
2
3
2
2
2
2
3
4
7
3
3
3
4
72
3
3
71
3
3
73
72
72
71
73
72
72
68
72
4
6
2
4
5
3
3
3
3
3
4
3
3
2
3
4
3
4
4
3
3
3
3
3
4
2
4
3
3
2
3
3
3
4
5
8
3
72
71
72
72
72
72
72
72
68
73
2
72
3
2
3
3
2
4
2
3
3
3
2
3
2
3
3
3
3
2
2
3
3
3
3
2
8
4
2
4
2
3
4
4
3
5
3
73
71
72
77
72
72
71
73
69
71
72
75
71
72
4
3
4
3
3
3
5
3
3
3
4
4
2
2
3
3
3
2
2
2
3
2
3
5
2
3
3
71
2
2
72
3
72
72
73
73
72
74
73
3
72
72
3
71
72
71
71
72
71
80
3
71
72
72
74
72
72
72
71
72
72
74
71
70
70
72
72
72
72
72
71
71
72
73
72
72
71
72
73
72
72
72
76
72
72
72
70
71
73
73
72
71
72
72
72
72
74
71
67
4
4
3
3
3
3
3
3
2
3
3
3
3
3
2
2
4
2
2
2
2
3
3
3
4
3
3
3
3
2
3
73
71
3
71
73
72
72
72
72
70
72
72
71
71
71
71
72
71
73
75
71
75
71
71
71
71
70
73
72
72
72
71
73
71
71
72
71
72
74
73
72
72
72
74
72
73
71
72
72
71
72
72
71
73
71
71
72
72
71
71
68
72
73
72
72
73
71
72
3
3
3
3
3
4
2
3
4
2
3
3
3
3
4
3
3
3
3
4
3
4
4
3
2
3
4
3
72
5
72
71
73
73
5
3
71
71
2
71
71
72
72
72
4
72
72
72
71
72
73
72
71
71
71
72
71
123
71
73
72
71
72
73
72
72
72
72
71
72
72
72
71
72
72
71
72
72
73
72
71
74
72
72
75
71
72
73
76
72
74
72
71
75
121
72
73
72
72
3
4
4
2
4
3
3
2
5
3
2
3
3
2
4
3
3
3
3
5
3
4
73
3
3
3
72
74
72
4
72
72
72
71
3
70
72
71
3
3
4
71
72
72
71
74
71
71
72
71
70
72
71
71
71
72
71
2
4
72
72
74
73
72
3
70
71
72
72
71
72
70
71
71
72
70
70
73
73
73
72
71
72
72
72
71
72
72
72
72
73
72
68
71
71
71
76
71
71
3
4
3
5
3
3
3
2
3
3
3
3
3
3
3
4
2
3
3
5
3
3
2
3
3
3
73
71
72
72
6
71
72
3
2
3
72
72
73
71
72
71
71
71
71
73
71
71
72
71
72
71
73
72
70
72
73
71
73
70
4
72
73
72
3
72
72
71
72
72
71
72
77
72
72
72
72
72
72
71
72
70
72
71
71
71
72
71
73
72
72
70
72
68
72
71
73
78
73
3
3
3
3
2
3
3
4
4
3
6
3
3
3
4
2
3
3
4
3
4
3
2
3
3
4
3
3
71
71
3
3
71
71
72
71
72
72
3
72
71
73
72
72
3
4
72
72
73
72
71
72
71
73
71
74
73
71
72
74
71
72
71
72
75
71
72
71
71
71
71
73
71
72
71
72
72
71
72
72
71
71
71
76
71
72
72
72
71
72
69
71
73
71
70
71
71
72
71
3
4
3
3
3
3
3
3
4
3
3
4
3
4
3
3
6
3
3
3
3
3
72
72
71
73
71
72
2
72
3
73
72
3
72
73
72
71
4
71
2
71
94
3
71
72
71
4
7
73
72
71
72
72
77
73
72
73
3
72
72
4
70
72
78
76
71
72
72
72
74
71
71
71
71
71
72
72
71
73
71
71
72
72
71
72
71
72
71
73
72
72
70
72
71
79
72
72
68
3
3
3
2
4
3
4
3
3
6
3
3
4
3
3
3
3
4
2
3
2
4
8
3
3
3
3
4
3
4
3
4
74
5
4
72
73
75
72
73
72
73
72
72
72
72
71
70
75
72
74
70
72
72
73
72
71
71
72
71
71
73
74
71
71
73
75
72
72
73
71
72
72
72
72
72
72
71
73
72
72
72
73
71
72
71
72
71
72
72
71
72
72
69
71
72
72
72
74
4
3
3
2
3
4
2
4
3
3
3
3
3
3
3
4
3
3
3
4
2
3
3
4
3
3
3
3
3
3
2
3
3
72
71
71
72
72
74
77
72
73
71
72
72
73
70
71
72
71
72
70
73
72
72
71
71
71
72
72
71
72
73
72
72
72
72
72
72
72
71
73
71
73
71
72
71
76
71
71
72
72
72
71
71
71
71
72
72
72
76
71
71
74
71
73
72
72
68
4
4
3
4
3
3
3
4
3
3
3
3
3
3
3
3
3
3
3
3
3
3
7
5
3
3
3
4
73
72
71
3
3
3
3
73
73
72
72
72
71
71
69
71
72
71
70
72
72
72
73
72
72
70
71
71
71
71
71
72
73
73
71
73
71
71
71
72
72
72
74
72
72
72
73
72
72
72
72
72
72
71
76
72
76
71
72
71
71
76
75
72
69
72
71
72
71
71
71
230
230
228
230
230
228
230
227
230
228
18
59
59
66
59
60
59
65
59
59
65
60
59
59
60
65
58
59
20
59
59
17
60
65
59
60
60
65
59
59
65
59
58
59
59
64
59
60
64
59
25
25
25
24
25
31
32
55
25
25
26
25
25
25
30
32
54
25
25
25
24
30
25
53
25
32
25
24
25
25
26
25
31
31
25
54
26
25
24
25
30
29
25
52
14
24
25
25
31
30
26
25
24
54
13
25
26
25
25
25
54
33
31
24
25
25
25
30
25
61
24
33
25
25
25
25
25
25
30
29
53
25
25
31
25
30
25
55
14
25
13
4
4
12
4
4
14
4
4
18
13
9
18
7
8
18
7
14
10
14
14
5
13
13
13
13
14
13
7
14
13
19
21
18
19
24
30
19
13
15
13
7
13
13
13
13
13
7
13
10
19
18
19
20
19
18
29
5
4
4
5
4
4
4
4
5
4
4
6
6
6
6
10
6
8
7
13
13
13
13
14
14
14
18
18
20
19
13
13
30
13
13
19
20
18
14
13
13
15
8
14
14
7
12
13
13
18
18
20
11
18
28
17
18
5
4
4
4
3
4
4
4
3
6
7
3
7
7
10
6
4
7
7
5
4
4
4
5
4
4
7
8
4
6
11
4
7
4
4
8
9
7
4
13
14
13
13
4
3
4
13
4
13
7
19
19
18
7
10
18
12
13
12
14
13
13
13
13
13
12
14
13
19
11
19
11
31
18
18
11
5
3
4
3
3
4
2
4
3
2
2
3
3
3
3
5
3
3
3
3
2
3
2
4
72
74
3
5
3
5
3
72
73
3
3
4
68
72
2
73
77
2
3
4
2
3
3
4
72
3
3
3
6
2
4
4
3
4
2
3
3
2
3
3
2
3
3
3
3
3
3
4
3
4
7
3
5
3
3
2
4
2
68
3
3
71
4
2
72
71
71
2
3
3
71
3
72
3
5
2
3
3
3
3
3
2
4
3
4
4
3
5
2
2
3
4
3
3
2
3
72
3
4
3
2
72
72
3
3
4
71
4
4
71
3
71
71
72
71
4
73
73
69
2
72
73
72
3
2
3
3
3
2
4
3
4
3
3
3
3
3
3
2
3
4
2
3
4
5
3
2
2
2
2
3
71
3
71
71
73
73
71
3
3
72
71
71
72
71
68
3
2
71
71
72
72
2
3
3
4
4
3
3
3
4
3
2
8
2
5
3
3
3
4
3
3
3
3
3
3
3
3
3
3
2
3
4
4
3
72
71
71
72
72
72
72
72
72
73
71
71
72
71
68
71
4
6
3
3
3
4
6
5
2
2
2
3
4
4
3
4
3
4
3
4
2
72
4
8
3
81
4
3
72
2
2
3
4
3
71
4
3
3
72
2
73
71
73
71
68
70
71
71
71
4
3
2
3
4
3
4
3
3
8
2
3
2
4
3
3
2
3
4
3
3
4
3
2
3
3
5
3
71
4
3
2
3
70
71
72
72
71
71
3
71
73
71
71
74
72
69
70
72
3
6
3
4
3
3
2
2
2
4
3
3
3
3
3
4
4
3
3
2
3
71
3
4
2
3
4
2
3
72
3
2
72
3
3
74
4
71
72
71
71
71
71
3
3
70
71
68
72
4
4
3
10
3
3
3
3
4
4
4
4
3
3
3
5
4
2
3
2
3
3
4
2
3
3
3
2
2
2
3
3
72
72
72
2
3
4
4
2
68
70
72
74
2
4
77
3
3
3
3
3
3
12
3
5
4
4
4
3
6
4
4
4
3
3
3
3
3
3
2
3
2
3
3
4
5
4
5
2
3
3
2
2
3
3
3
72
71
72
3
3
4
68
4
3
72
104
4
6
3
3
3
3
3
2
3
2
4
3
3
3
3
7
3
2
3
2
3
3
2
2
2
3
2
4
3
2
3
3
3
3
71
72
72
73
72
71
71
72
73
71
72
72
72
72
71
72
71
71
72
72
74
2
73
70
70
72
72
71
70
71
71
71
72
71
74
71
72
72
72
70
72
72
73
73
72
72
72
73
71
72
72
74
72
71
72
72
72
70
72
69
76
72
72
72
73
4
4
4
2
3
3
3
4
3
4
3
2
4
4
3
3
3
3
3
3
3
4
6
71
3
5
72
72
72
2
3
72
72
73
3
72
4
3
72
3
72
72
71
75
73
70
71
71
3
2
71
72
72
70
72
70
73
72
72
72
72
73
72
73
74
72
73
72
71
71
71
72
72
71
72
72
72
72
73
71
72
74
71
70
72
73
72
72
72
72
68
71
71
72
72
73
71
72
72
4
4
8
3
2
3
4
3
4
3
3
3
2
4
4
4
3
3
3
5
3
3
3
4
4
2
3
3
2
4
2
2
72
71
72
74
73
5
123
73
72
71
72
72
72
73
72
72
72
73
72
70
71
71
71
71
71
71
72
72
71
72
73
71
72
72
72
120
73
71
71
71
72
72
73
72
72
74
71
72
72
73
72
72
72
72
72
70
72
72
72
72
71
72
72
68
72
71
71
7
4
4
4
6
3
4
3
3
3
2
4
2
3
3
4
3
3
3
3
6
4
3
6
4
5
3
3
3
71
72
4
3
5
73
73
71
72
73
72
70
71
73
75
4
72
72
72
72
72
140
72
72
74
72
72
71
71
72
71
71
72
74
72
71
74
72
72
72
71
71
71
71
72
71
71
73
72
71
73
73
72
71
72
71
72
74
73
72
72
72
72
72
72
71
69
73
72
72
3
4
3
3
2
3
3
4
3
3
3
3
4
2
3
5
3
3
3
3
71
3
3
3
3
72
4
4
72
72
4
5
3
72
3
72
72
71
71
72
72
3
72
72
72
72
72
72
72
72
71
72
72
72
71
71
72
71
74
71
3
72
72
71
72
71
72
72
73
71
71
75
71
71
74
75
72
72
70
72
72
72
72
71
73
72
71
72
72
72
71
72
70
71
72
71
76
68
70
3
4
4
4
3
4
3
4
4
3
6
3
2
4
3
3
3
3
3
2
4
73
72
71
72
4
72
4
3
5
3
3
3
72
72
72
3
3
4
4
71
72
75
73
72
70
72
72
72
72
71
72
72
71
71
72
70
74
72
72
72
73
72
72
72
74
72
72
72
72
72
71
71
74
71
71
72
71
73
72
72
71
72
72
70
72
72
73
72
70
68
73
72
70
72
72
72
72
73
4
3
3
2
3
4
4
3
3
3
4
4
3
3
2
3
3
3
2
3
3
4
5
2
4
2
3
3
5
2
3
3
3
72
3
72
73
71
71
72
72
73
70
72
72
71
77
72
72
71
73
72
72
71
72
72
72
71
71
71
71
72
71
73
72
72
72
72
72
71
73
72
71
72
70
72
71
71
73
74
73
72
72
72
71
72
73
72
71
71
73
71
72
73
68
71
71
72
72
3
3
2
3
3
3
3
3
3
4
4
4
3
7
3
3
3
7
3
4
3
3
71
3
3
72
71
71
72
3
73
72
72
72
72
71
72
72
72
3
3
4
72
74
73
72
4
4
74
70
3
71
3
73
72
72
72
72
71
71
72
72
72
72
72
71
71
72
71
72
72
71
71
71
71
72
72
72
73
71
72
71
72
72
71
73
72
72
71
71
71
72
73
71
71
73
71
68
74
3
3
3
3
3
3
7
3
2
3
2
3
4
3
4
3
5
4
4
2
4
4
3
4
3
3
3
4
3
3
3
3
72
70
72
72
72
71
71
72
74
73
71
72
73
71
71
71
72
71
71
71
72
71
71
72
71
74
77
70
72
71
72
71
73
72
70
72
72
73
72
71
72
73
74
72
71
72
73
72
72
72
71
71
72
70
71
72
72
71
72
71
101
71
72
67
71
71
72
2
4
4
3
3
3
3
4
3
3
3
2
3
3
3
3
4
3
4
3
3
3
3
3
3
3
4
70
3
71
73
73
2
3
3
72
73
3
72
71
72
72
73
71
72
72
72
71
72
73
72
71
71
72
71
71
72
72
71
72
72
73
72
80
71
72
70
77
71
71
71
72
71
71
71
70
74
71
72
71
71
75
70
71
72
75
72
71
72
71
72
72
71
72
73
68
72
73
72
228551
115962
212949
289334
248329
289288
253241
194342
154333
289434
29326
72435
72429
72411
72454
72413
72470
72434
72431
72528
72421
72443
72482
72501
72469
72449
72480
21467
72413
72447
21498
72455
72474
72450
72508
72465
72797
72548
72388
72456
72442
72470
72398
21478
74000
72485
21450
72417
72419
72407
31903
31883
17030
31895
31922
31895
31922
31878
34805
31903
31901
32248
31908
31931
34801
43759
31956
31915
31907
31890
31939
31900
31894
31912
17000
34819
31910
31865
31935
31866
31934
31927
31909
34835
17009
31953
9458
9524
31946
18901
18283
18825
22909
17607
34826
32288
31914
31896
31950
31947
31972
31945
34831
32063
31929
31912
31846
31916
31881
31895
31913
31885
34777
31867
31908
31870
31938
31861
31884
34812
31956
31916
31868
17006
31938
31973
31889
31925
31876
31883
34762
31897
31934
31880
31881
31935
31905
31924
31904
34823
14278
13378
13141
14047
13754
4384
4391
12809
4432
4423
4407
4434
14627
14565
38903
14575
4418
4436
14554
4424
4406
4478
10438
4371
4413
4409
14567
10585
4544
4350
4390
7792
4356
4334
10847
14576
14640
29108
4326
4328
4408
4356
4423
4343
4478
4456
4490
4387
4485
4369
4352
8596
4313
4424
4352
4384
4318
6671
7122
6223
4417
5993
4362
4392
4386
6336
4422
4391
14553
4377
28996
14530
14523
14534
14515
4466
4341
4356
4333
4406
4331
4358
4392
4383
4471
4408
4380
4461
4330
4397
8631
4314
4322
4373
4319
14579
14537
14640
14596
14638
14514
7756
14526
14552
7791
14521
15516
14636
14525
14526
14618
14528
14663
14639
4372
14566
7807
14565
4360
7803
14656
14636
14623
14589
14649
11946
14650
14554
14577
14686
14556
29043
14600
14579
14571
14610
14601
14626
14642
14581
5821
14602
5847
14540
29013
14595
14613
14583
5809
14548
14548
14652
14587
14586
14594
4383
14596
14596
14523
14538
14609
4342
14619
29001
14568
14616
14560
4405
14572
14683
14587
14553
14580
14553
14610
14604
14671
14577
14578
14631
14599
14568
14644
29079
14544
7774
14522
7847
14585
14572
1768
1782
1792
1762
1796
1776
1821
1870
1863
1863
1787
1875
1822
1910
1875
1857
1895
1906
1795
1872
1939
1774
1936
1916
1971
1934
1967
1864
1928
2004
1959
2045
1823
1997
1945
2048
2023
2049
1953
1989
1965
2026
1971
1968
1947
3498
1930
1980
1986
1759
1794
1788
1810
1847
1823
1963
1901
1767
1816
1919
1802
1789
1901
1907
1877
1779
1922
1823
1912
2007
1917
1837
1903
1816
1928
1907
1960
1979
2060
1936
1936
2064
1975
2066
2004
1986
1921
2190
2196
2005
1948
1993
2110
1955
1953
1963
1890
3486
1799
1757
1795
1795
1785
1761
1779
1806
1801
1833
1768
1818
1815
1839
1853
1823
1865
1802
1855
1868
1865
1894
1868
1907
1906
1992
1838
1965
1898
1939
1908
2007
1938
1908
1996
1986
1988
2103
2001
2037
2053
2024
1976
2000
2087
2005
2081
2055
3479
1745
1786
1817
1815
1851
1803
1844
1862
1919
1888
1874
1918
1886
1863
1924
1892
1756
1797
1909
1858
1988
1914
1968
2012
1923
1856
1992
2019
2013
2026
2001
2000
1988
1958
1924
2075
2032
2042
1954
2008
1970
1898
1962
1971
2038
3489
1973
1937
1913
1785
1819
1791
1806
1860
1844
1875
1856
1851
1883
1850
1927
1797
1914
1789
1761
1879
1903
1884
1856
1922
1900
1940
1872
2000
1945
1935
2009
1899
1989
2064
2004
1982
1895
2083
2004
1948
1938
3473
1985
1969
1997
2079
1885
1957
1980
1897
2047
2084
1764
1786
1775
1811
1812
1768
1787
1761
1808
1848
1880
1904
1833
1821
1878
1866
1866
1856
1807
1873
1884
1875
1905
1886
1876
1919
1921
1985
1838
1927
1972
1886
1883
1912
1959
1987
2030
1956
1968
1908
2049
1955
1988
2080
2063
2002
2079
2016
3504
1786
1771
1791
1781
1786
1807
1862
1821
1825
1806
1849
1867
1827
1864
1779
1896
1815
1891
1869
1907
2002
1988
1850
1985
1871
1886
1940
1935
1865
1997
1860
2008
1985
1928
1927
1918
1908
2018
1978
1984
2066
1986
2070
1980
2036
2057
2038
1966
3557
1766
1783
1764
1764
1788
1786
1788
1794
1812
1826
1812
1848
1837
1916
1877
1928
1898
1943
1848
1808
1976
1825
1925
2044
1855
1788
1980
1977
1999
1959
2009
1951
1927
1850
1965
1933
1967
1968
2027
2043
1964
2031
3477
1974
2028
2025
1997
2041
2071
1799
1805
1822
1789
1796
1813
1800
1876
1855
1838
1867
1819
1770
1815
1913
1855
1903
1927
1921
1973
1844
1866
1868
1900
1853
1929
1975
1969
1945
1981
1986
1934
1990
1929
1917
1965
2026
2024
1974
3471
1965
2036
1965
1969
1971
1966
1954
2033
2029
1831
1826
1763
1791
1808
1755
1797
1821
1831
1801
1807
1835
1818
1865
1836
1935
1898
1856
1819
1861
1947
1900
1957
1910
1885
1908
2031
2032
1890
2014
2013
1936
1942
1928
1986
1973
1818
2068
1943
1855
1955
1921
2038
2007
1958
1930
3478
1982
1999
1048
1094
1191
973
968
1177
1190
965
997
1019
972
1021
1008
1024
1033
1018
992
1022
1041
1026
968
1113
1032
1052
1028
1137
1030
969
1086
1099
1162
1996
1996
1933
1909
1062
2014
1936
1989
1903
1878
1957
1871
1953
1052
1908
2006
1026
1984
1967
1902
2051
1980
2061
1972
2014
1038
1926
2029
2008
1882
991
1925
961
2015
2022
1941
2028
2017
1922
1937
1994
1927
1914
1898
1975
2024
2007
1939
1954
1959
1901
1961
1909
1893
2002
1888
2005
1857
1894
1902
1924
1916
1890
1900
1926
1917
1971
1984
990
998
965
968
991
1042
1112
950
1042
1006
1028
1010
1215
1065
1118
1139
999
1124
1044
1023
1046
1051
1029
1879
1091
1897
1078
1950
1962
1891
1068
987
1960
2030
1015
1986
1967
1085
1918
1056
1965
1122
1955
1958
1909
1990
1877
1952
496110
1027
1922
1917
1901
1912
1880
1920
1917
1979
1137
1986
1947
1998
1022
1901
1955
1918
1915
1908
1093
1938
1923
1912
1858
1994
1920
1902
1849
1996
1914
1911
1905
2000
1936
2010
1923
1992
1906
1978
1927
1966
1979
1977
2033
1918
1889
1974
1957
1918
1129
994
1000
954
1000
968
1051
1025
989
992
1109
992
1056
1052
1065
998
1158
1015
1032
1072
1166
1024
1036
1026
1006
1063
1077
988
1026
988
1176
1030
1081
1100
1113
1056
1112
1097
1143
1150
1131
1151
1115
1063
1131
1116
293705
1148
1138
1069
1902
1032
1047
1907
1897
1916
1995
1978
2007
1122
1997
1999
1903
1982
1978
1981
1904
1855
1851
1846
1851
1966
1955
1963
1884
1987
1917
1921
1886
1907
1975
1963
1942
1984
1923
1915
1975
1927
1985
1927
2040
1974
1973
2041
2041
2000
2003
2010
1946
1950
1137
1077
1040
985
1044
1005
1092
989
1021
1049
1025
986
1074
981
1011
1057
984
1076
1002
1000
1059
1048
1054
1048
993
1075
1072
1079
995
1938
1039
987
1990
1004
1913
1033
1955
1920
994
1883
2006
1000
987
1973
1923
1880
1986
1922
1991
1912
1997
1932
1924
2027
1916
2034
1964
1961
2044
1938
1927
1858
687807
1874
1851
1963
1901
1898
1892
1854
1944
1900
1961
1957
1877
1901
1899
1894
1963
1947
1867
1952
1874
1887
1884
1954
1964
1974
1953
1908
1973
1985
1909
1989
1914
2011
2015
1928
1987
1183
1187
1078
1005
1183
1109
1157
983
965
959
1086
954
982
976
1067
1089
1020
1056
998
1055
1022
998
1061
1123
1048
1147
1090
1064
1025
1067
1088
1027
1118
1015
1000
1138
1072
1097
1093
1077
1084
1127
1071
1063
1911
1097
1962
1905
1026
1876
1947
1886
1995
1995
1973
1990
1927
1918
1974
1891
1933
1969
1960
1839
1841
1863
1928
1869
1859
1967
1906
1968
1851
1966
1864
1869
1971
1898
1958
1950
1979
1977
1932
1897
1933
2018
2017
1946
1942
1997
2008
1972
1970
2008
2023
2031
1943
1960
1934
1072
1065
998
1016
983
999
1036
968
997
989
963
1053
977
1014
988
1000
995
1014
1121
982
1043
1022
1059
1069
1004
1050
1093
1071
1025
1047
1067
1093
1088
1041
1036
1046
1008
1014
1035
999
1088
1007
1115
1084
1889
1892
1897
1950
1943
1124
2001
1968
2000
1920
1924
1979
1951
1922
1994
1999
1984
1917
1989
1992
1911
1991
1924
1922
1991
1923
1872
1843
1997
1962
1903
1954
1973
1918
1902
1901
1884
1893
1895
1905
1906
1980
1902
1977
1898
2020
2023
2022
2078
1976
2069
1991
1943
2020
1976
1147
1156
1079
980
967
1026
1018
1092
1089
976
1067
1047
982
1004
1047
1040
977
1078
1002
991
974
992
1013
1035
1035
997
990
1060
1079
1020
1054
1084
1020
1039
1069
1077
1045
1123
1047
1019
1020
1092
1078
1060
1050
1018
1054
1095
1097
1173
2022
2020
1932
1953
1876
1874
1888
1972
1996
1987
1988
1975
1928
1895
1915
1916
1902
1929
1874
1932
1918
1951
1896
1879
1877
1934
1936
1932
1961
1888
1964
1886
1898
1991
1892
1900
1884
1894
1909
1936
1908
1934
1999
1961
1930
2020
1910
1932
1912
1018
1096
1072
1054
999
1024
1012
999
1025
1044
1083
1064
1068
990
1128
1040
1079
1119
1050
1023
1057
1089
1096
1064
1053
1041
1081
1044
1023
1128
1071
1059
1026
1074
1012
1066
1163
1122
1083
1089
1173
1075
1133
1033
1095
272104
1988
1884
2005
1012
1924
1079
1911
1028
1996
2004
1910
1983
2004
2026
1918
2003
1941
2023
1921
1992
2024
1992
1933
2003
1999
1967
1878
2024
2015
1861
1888
1804
1807
1814
1882
1843
1865
1829
1890
1897
1829
1823
1863
1824
1905
1813
1901
1895
1845
1876
1932
1820
1872
1138
1195
1268
1095
1200
1195
1158
1135
1169
1077
1145
1190
1088
1147
1259
1225
1159
1171
1208
1120
1055
1090
1151
1103
1025
1141
1085
1086
1090
1161
1126
1189
1149
1076
1147
1010
1052
1136
1129
1177
1052
1111
1942
1958
2040
1118
1881
1891
1940
1895
1905
1906
2028
1962
1933
1930
1936
2011
2024
1898
1917
1902
1914
1903
1986
1892
1892
1898
1907
1929
1871
1874
1865
1850
1894
1981
1913
1910
1965
1947
1998
1932
2013
2008
1927
1927
1893
1984
1975
1899
1989
1920
2000
1913
1901
1955
2022
2041
2027
1053
1026
946
972
982
955
1022
1012
971
1013
984
984
970
1059
1060
1014
1000
982
1032
978
993
1084
1023
1060
1063
1048
1104
1099
1039
1016
1104
1136
1005
1038
1065
1041
1078
1063
1095
1109
1024
1035
1093
1052
1157
1076
1148
1118
1046
1105
1113
1142
1083
1063
1043
1147
1130
1070
1060
1135
2003
1849
1918
1841
1853
1908
1952
227912
1954
1922
1842
1887
1897
1948
1911
1937
1910
1863
1971
1997
1906
1977
1900
1936
1922
1983
1906
1997
1992
1971
1923
1992
1913
1945
2021
1943
1952
1932
1932
241582
234591
119260
230014
289357
265933
289515
291363
136517
238731
21485
72467
72467
72476
72463
21457
72515
72463
72413
72445
72416
72467
72469
72466
72481
72440
72452
72471
72434
72404
72373
72410
38688
72550
72471
27807
72431
72434
72720
72448
21459
72519
38781
72445
72460
72494
38733
72437
72470
72438
31921
31904
31865
18605
31897
31907
17052
31893
31901
31922
31898
21890
31903
23906
31907
31941
31948
31887
31962
31907
17009
31909
31961
17076
31984
34805
31873
31907
31960
31928
31875
31965
31896
32590
34772
31912
17011
31941
31878
31917
31954
31885
31922
34812
31916
31912
31952
22232
31948
22144
31927
18554
22013
31888
15110
14840
25427
31882
30225
25451
25237
31912
14853
31891
31905
31967
31982
31913
34815
31934
31908
31913
31902
13412
13231
31954
31926
31932
31902
18549
31902
31900
31880
31940
31918
17033
31920
31909
31918
34806
4344
4355
4354
4411
4323
14598
4435
4357
4463
14546
14546
14555
4373
4430
4423
14502
14573
37936
4432
14547
14555
14635
14581
14620
14572
14539
14567
14562
4397
14588
84858
14564
14519
14708
14542
4435
14597
14575
4391
4411
4366
4349
4318
4365
4344
4316
4334
4352
4337
4370
4360
4434
8669
4361
4311
4319
4380
4385
4395
4418
4464
4444
4383
14575
4336
4335
14560
4331
14669
14596
4460
14549
29019
14599
4467
14582
4334
4389
4432
4402
4337
14578
14643
4354
4336
14587
8650
4326
14559
14551
14623
14636
4327
4352
14572
4353
4321
4357
4393
4376
4417
4446
4427
4362
4315
4319
4313
4349
4394
4334
4362
8627
4400
4390
4334
4382
4339
4339
4415
4356
4369
4427
4415
4340
4459
4479
4352
4499
4482
4363
14514
8642
4354
14557
14532
4324
14549
14556
14662
7827
14578
14561
7855
14599
7830
14529
14645
14957
29036
14564
14671
14645
14700
14606
14544
14583
7889
14669
14645
14569
14571
14514
14580
14618
7830
7805
14585
29070
14577
14585
14535
4333
4368
4336
4355
4411
4423
4321
4432
4423
4369
4417
9464
8909
14514
4383
8618
4419
4327
4362
1772
1774
1793
1785
1808
1791
1813
1837
1823
1858
1864
1898
1868
1828
1833
1885
1886
1841
1945
1887
1848
1907
1954
1971
1954
1954
1956
1966
1952
1972
1938
1978
1932
1888
1930
1947
1928
1945
1960
1894
1919
1968
1948
1940
1959
1984
1957
3490
1967
1772
1765
1766
1763
1782
1778
1796
1756
1836
1796
1820
1793
1849
1845
1815
1828
1889
1852
1920
1895
1915
1851
1849
1882
1891
1779
1926
1796
1821
1920
1937
1921
1955
1900
1965
3466
1996
1944
1927
1918
1947
1958
1923
1998
1920
1912
1936
1941
1979
1770
1774
1772
1838
1802
1822
1816
1801
1805
1827
1814
1859
1831
1817
1842
1825
1880
1838
1837
1864
1837
1869
1867
1884
1885
1878
1899
1892
1895
1915
1947
1920
1916
1932
1929
1944
1959
1945
1949
1977
1977
1968
1995
2036
2020
1940
1943
3481
1993
1787
1755
1768
1832
1820
1820
1881
1771
1858
1883
1873
1889
1872
1822
1835
1895
1913
1919
1951
1885
1944
1859
1950
1873
1915
1965
1945
1802
1955
1919
1888
1935
1940
1900
1943
1965
1938
1899
1913
1931
2071
2012
1955
2071
3463
1916
2020
1957
1967
1789
1801
1855
1815
1872
1822
1817
1840
1836
1818
1881
1893
1893
1876
1892
1885
1764
1916
1910
1924
1914
1958
1863
1919
1959
1971
1926
1948
1910
1938
1926
1942
1917
1819
1895
2124
1834
1977
1979
1968
1816
1924
1922
1940
2060
1870
3494
1873
1822
1762
1789
1788
1801
1802
1802
1833
1814
1866
1851
1870
1865
1818
1890
1952
1944
1923
1952
1932
1867
1902
1919
1955
1988
1969
1952
1932
1963
1921
1990
2002
1901
1996
1938
1961
1945
1914
1947
1951
1897
2041
1954
1952
2023
2002
3508
1944
1905
2041
1746
1818
1768
1832
1834
1836
1795
1830
1895
1788
1791
1861
1817
1838
1935
1809
1850
1873
1907
1855
1818
1898
1953
1957
1898
1971
1926
1922
1846
1967
1943
1939
1947
1962
1940
1937
2004
1954
1940
2019
2005
1989
1997
2088
1939
2011
3483
2035
2064
1793
1843
1772
1826
1838
1819
1814
1865
1837
1874
1875
1884
1866
1848
1864
1885
1931
1746
1770
1848
1884
1857
1950
1920
1929
1924
1844
2005
2002
1946
1993
1939
1986
1993
1976
1958
1991
2023
1971
2005
2004
1963
1926
1879
1987
1956
3467
1982
1992
1783
1812
1800
1814
1835
1813
1856
1854
1899
1827
1886
1864
1936
1848
1918
1838
1902
1897
1944
1951
2024
1908
1895
1882
1960
1954
1890
1940
1938
2025
1952
2018
1981
1901
1840
1955
1855
1963
1931
1936
1911
1917
2024
1948
1964
1982
3502
1956
1954
1780
1770
1788
1778
1813
1847
1839
1874
1836
1840
1856
1846
1831
1891
1852
1901
1896
1894
1896
1865
1961
1935
1774
1950
1943
1842
1878
1864
1816
1981
1916
1963
1903
1888
1951
1957
1894
1980
1901
1889
1899
1978
1859
3459
1968
1864
1995
1974
1878
1001
1057
1046
1198
1045
1018
1063
1136
1115
1088
1045
1121
1036
1094
1030
1116
1048
1118
1152
1069
1110
1091
1117
1019
1107
431699
1965
1087
1078
1065
1043
1024
1940
1930
1954
1968
1984
1107
1906
1162
1128
1972
1890
1879
1985
1045
1916
1877
1886
1912
1899
1883
1881
1876
1985
1978
2008
1067
1868
1981
2008
2021
1973
1829
1854
1915
1872
1974
1968
1826
1856
1991
1857
1834
1825
1859
1934
1830
1858
1826
1910
1920
1895
1891
1903
1858
1855
1860
1852
1834
1895
1910
1849
1847
1868
1868
1904
1889
1884
1189
1108
994
998
1002
1183
1035
999
962
985
1080
1170
1056
1036
1005
988
1059
996
1067
1014
994
1046
1092
1069
1093
997
1060
1016
1117
1050
1080
1052
1023
1037
1042
1047
1015
1022
1089
617406
1024
1029
1889
1899
1997
1901
1079
1107
1922
1909
16532
25456
18876
1979
2019
1903
2003
1874
1921
1919
1956
1948
1980
1909
1974
2039
2031
1938
1886
1940
1876
1888
1885
2031
1948
1945
1884
2035
1959
1947
1954
2039
1934
1935
1921
1904
1060
1968
1905
1902
1888
1935
1961
1975
1907
1944
1964
1908
1031
1097
973
1006
965
1145
1011
1092
1025
1041
1029
1104
1271
1092
999
1043
1076
1014
1037
1046
1018
1038
1103
1071
1164
1188
1072
1090
1131
1044
1007
1019
1026
1086
1013
1027
1028
1040
1083
1068
1053
1123
1090
1043
1976
1040
308865
1923
1910
1988
2017
2021
1957
1978
2006
2017
1955
1998
2021
1948
1928
1932
1910
1913
1936
1938
1838
1838
1873
1918
1911
1943
1934
1922
1946
1881
1944
1863
1966
1934
1896
1955
1960
1890
1971
1904
1988
1876
1896
1986
1875
1908
2008
1981
1908
2012
1936
2013
2017
2008
1100
1175
1105
1105
1186
968
1002
1046
998
975
945
995
1001
986
1049
1015
988
977
983
1018
991
1123
1124
1042
1037
1065
1005
1099
1026
1095
1018
1059
1055
1104
1113
1027
1035
1061
1030
1040
537134
2041
2060
2002
1962
1056
1919
1994
2007
1993
2056
1949
2038
1997
1983
1028
1002
1907
1890
1876
1975
1977
1971
15384
2002
1913
1909
2009
1905
2012
2009
1992
1926
2031
1921
2016
1900
2057
1963
1897
1953
1890
1949
2017
1894
1877
1860
1965
1992
1965
1965
1910
1913
1981
1966
1991
1983
1939
1915
1077
1042
1027
1081
991
984
1157
1060
1088
1013
1050
1086
1073
1053
999
1101
1033
986
1080
1049
1172
1078
1238
1105
1045
1018
1014
1101
1055
1070
1060
1096
1032
1077
1076
1059
1045
1055
1052
1125
1115
1132
538899
1937
1155
1102
2277
1994
1997
1918
1980
1060
1077
1923
1057
1983
2012
1927
1934
1910
1930
2016
1965
1903
1965
1936
1975
1850
1853
1915
1942
1862
2006
1968
2011
1971
1902
1935
1952
1983
2006
1940
2009
1929
1986
1984
1984
2012
1940
2017
1923
1914
2012
1909
2002
1925
1926
1927
1948
1140
1147
1090
1086
1157
974
953
966
998
1009
974
1020
980
958
1078
1051
1091
969
1031
1000
1001
989
1051
1048
1084
1034
1013
1028
1066
1883
1956
1064
1014
1971
1003
1039
1933
1009
575089
1933
1043
1970
1880
1922
1994
1910
1912
1880
1031
1947
1912
1885
1891
1952
1940
1910
1874
1886
1965
1894
1902
1896
1979
1963
1851
1033
1970
1155
2000
1971
1985
1877
1067
1936
1881
1019
1955
1902
1013
1910
1994
1997
1950
1876
1997
1973
2001
1903
1936
1870
1985
1893
1887
1893
1950
1913
1924
1859
1023
1145
1066
1146
1145
1134
1064
1017
1013
1111
1046
1043
1096
1050
1029
1016
1036
1027
1177
60960
991
1047
1050
1053
1019
1014
1049
1140
1069
991
1095
1058
1039
592520
1035
1973
1076
1056
1953
1135
1069
1886
990
1005
1030
1953
1882
1880
1872
1894
1921
1051
1978
1959
1946
1972
2037
2038
1935
2027
1941
2014
1954
1951
1907
1918
2007
1907
1898
1906
1930
1869
1915
1927
1875
1867
1862
1864
1865
1957
1894
1884
1966
1968
1955
1962
1889
1898
1972
1951
1899
1927
2023
1937
2017
1923
1921
1911
1992
1996
1077
1055
1084
1175
1165
1153
1145
991
957
980
1084
1076
1131
1017
1007
960
1009
1002
1033
1021
994
1047
1022
1127
1028
1059
1082
1047
997
1066
996
585085
1916
1910
1859
1034
1047
1088
1938
1955
2003
1870
1003
1953
1868
1975
1883
1980
1914
1915
1980
2003
1903
1966
1918
1999
1887
1976
1969
1900
1916
1931
1958
1917
1869
2034
1951
1946
1915
2037
2042
1982
1850
1934
1931
1876
1877
1898
1961
1902
1901
1893
1946
1967
1959
1889
1997
1940
2030
1960
1943
2031
1998
2011
1933
2018
1954
1937
1952
1008
994
1090
1011
973
1035
1055
1018
1021
1042
1012
1101
1057
979
1055
1169
975
1071
1080
1053
1040
979
1062
1001
1023
1033
1093
1079
1927
1035
1902
1062
1059
1006
1024
1952
1897
1925
1950
1896
1962
514629
1900
1894
1898
1974
1070
1948
1986
1954
1979
1910
2005
1967
1983
1949
1956
1994
1844
2004
1874
2004
1918
1873
1918
1892
1906
1921
1943
1935
1925
1980
1937
2002
2002
1916
1981
1926
1911
1913
1912
1959
1910
1999
1920
1984
1973
2010
1996
1895
1924
1897
1904
1909
1896
1897
1937
1904
1937
1181
1136
1118
1132
1085
977
1037
982
1030
1039
1095
1044
1021
1144
1214
1121
1086
1080
992
1142
1097
962
1160
1044
1087
997
1069
1087
1086
1119
1095
1237
1017
1005
1092
1095
1121
1981
1107
1911
1958
1095
1907
1106
1896
1873
1038
1072
1073
1970
1961
2055
2029
2054
2017
1953
1035
1931
997
1990
1929
1984
1932
1056
2025
1987
1930
2014
1015
1019
1905
976
2006
2029
2010
1921
1904
1937
1880
1883
1962
1889
1870
1880
1876
1939
1944
1943
1898
1878
1909
1973
1904
1984
1914
1989
1918
1982
1980
